369

811511οὲ ί1190111. naariam, 99, 99, 194, 159,

, .

-— 6011. J 0111111, junior, 986, 987.

-— 9101611916916, 917.

-— Τ101111,76,76,197,198.

11111111, J 0111111, 46.

111131, 9101111, 978, 979.

11101111, 1110111, 11111111,Β1111,.10111-
111, 4, 9, 49, 59, 69, 63, 94, 136, 161,
199, 936, 947, 989, 991, 397.

Buk, Β1111,.10111111, 180, 977,978.

Β11111,10111111,46.

811101, 61111· Thomu, 1116016111, 64,

11111011, 61111· J 01111111, 935.

Β111111,6011. 0116111193.

-— 111111 dom. willielmi, 1111161,

11113111110111111398.

11111, 31110, dom. 0111110111, 133,197,
986, 987, 988.

·- Burne, Τ101111, 61 1911116011, 111,

Bul-ton, 6011111111, 198, 997.

111111, 89.

1111111, 110111111, 134.

1111111, 1110111611, 36, 903.

Β111, uxor 9101111, 70.

Byllynghm, tenentes 61, 168.

81167111, dom. 60111111, 189, 197, 986,

0.

0111111, dom. 9101111, 93.

Caper, 01111111601111111, 167, 193, 964,

0111111, 1110101111, 96.

011, 0111, 60111111, 611111161, 139,

...— 11118111, Ι10111111, 61Υ11-
η11611ω11
QOQmmm
913, 956, 308, 319, 313.

fflfflmffl

— 1116111111,4,16.

- Ram, 1111111611, 39, 34.

-·- willielmus, 4, 16.

ΜΜΜΜΜΨΜΜ
33, 34, 910, 309, 310.

0111111, 01111111, Thomas, 34, 46, 111,

011101, 0111011, 11111111, 6, 93, 66, 100,

0111111, dom. J 0111111, 936, 966, 308.

01111, 111111111, 399.

01111110111111, willielmi, 330.

01111, 0111111, 1011111111, 177, 980.

01111, Thomas, 979.

mnu 01¹ auom.

dete, 6011. (9111111111, 988.

01116111, 01161111, 110111111, 48.

0111111, quidm homo 61, 161.

01111111,.10111111, 164, 399.

— 1111011, 98.

— 1111111111, 904, 303.

01111111, 963.

01111111, (11111111, Thomu, 6, 8, 31,
ἓξὲ 70, 76, 167, 183, 908, 938, 965,

0111111, 0111111111, 930, 931,

01111111, 30111111, 51.

01111111, 111111611, 909.

0111111111, willielmus, 130.

01111101, 1161111611, 166, 904, 304.

·—- 1101111111, 9, 49.

01111, 01111, 0111111, 1113011111, 96,
104, 111, 391, 331.

0111111111611111111, 330.

··“““- Rom, 20⁷·

-- Roget, 149, 990.

0111111, J 0111111, 37.

clemens, puer, 67.

01111, mag. 13,161, 183, 900, 909, 914,
943, 301, 397.

— puer 11011111 144.

-- 1111011, 10, 66, 144, 949.

-ι-ἐ-Ὶ- 1111111111, 01111011 10011111, 90,

—- Robertus, 31, 74,110, 198, 907,
915, 306, 391.

-” 1 ⁷·

-- Thomu, 36, 56.

01116, John, l.

011111, 1111111111, 46.

0116, willielmus, 198.

0111111, 001101, 64.

001111, nomn, xoeoreu, 1111111,
39, 34, 114, 913, 319.

0011101, 01011101, 60111111, 911, 309,
311, 319, 316.

0011110111, 1116111111, 960.

001101, willielmus, 68.

wwfflfflwwwm
146, 174, 969, 961.

0011111111, 10111111, 943, 969.

111011611,45,130.

00111111, J 01111101, 119.

161111111161, 7.

—· 1101111111, 7, 960.

0111131111, 111134, 114, 319.

111111011, 193.

-—-—- 110111111, 34, 114.

---- Connyngbm, 9101111, 34,
83, 99, 114, 308.

001111111, 60111111, 331.

00111, 0011111, 0011111, 110111611,1101·
111611, 84, 399.

0011110111, 0011111111, 1101110111, 0011-
1111, dom. Georgius, 96, 66, 67, 90,

 

