870

110111ςέ018, 11001111, 71, 97, 189, 195,

257, 9.

—— 10111111, 55, 244.

-10111101 10, 27, 29, 80, 107,
128, 130, 150, 203, 204.

--.1011111οι, 1111101, 105, 274,
302, 304.

18111011, 80 17111111, 144.
1111111011, 11, 56, 68, 145.

Ι 1011011,106.

-- 1110111111, 21, 28, 204,,808,

·-— 1101101111, 80 11111011, 8, 40.

—-—- 80 1111111011110, 803.

80 1111101, 28, 55, 108,
204, 808.

-—— 1110111128, 31, 38, 185, 288.

-191111011111 10, 27, 101, 208,

110301101,011111)011111,28, 08, 100, 204,
804.

-0001111198

1101, 11010, 110110, 1011111101, 10, 12, 29,
85, 57, 131, 144, 241, 308.

— 8110 1101110 Iohannis, 182.

-—- 11ίο1101111, 270, 280.

110110, 110111, 11110,106,110.

1101101, 111101, 1111101, Milo, 8, 77, 78,
85, 105, 129, 108, 169, 284, 258, 200,
267, 302, 315.

1118801, 11188011, Ρο1111, 180, 282.

1118101, hoctor, 15.

-11011011131

8.

810110, 11111880.

811111, 8111111, 8111, 81111, 8111011011,

-11101111 45, 74, 115, 191, 214,
290, 328.

8111801101, 1011111100, 80 Novo Castro,
&memmmm
817, 824, 828.

1101101111, 14, 208.

8. 11181001, capellanus, 330.

800111, 8110111, 8110101110, 8110111, 0001-
gius, 10, 33, 0111011011.

-— 81111 Georgii, 279.

-—- Radulphus, 82, 176, 274.

80011, willielmus, 81.

8001110180, 80111018, 801110180, 101111-
nes, 57, 84, 145, 164, 162179.

80111, 0111001111, 01011011 00010111, 90,
101111.

- willielmus, 146, 161, 243.

81110111, uxor 80 Novo Castro, 215.

8111110, 1111110, 216.

8111811111, 1011111101, 188.

Α

INDEX OF Pannona.

1111111001111.

-ffiffi'shoem, 81 Menum,

8111111118110111, 228.
Efffflffiw.
8110001180111111101, 92.

811010, 8110110, 1011011, 27, 104, 202, 801.

81101011811010110, willielmus, 76, 204. ’

8110111101, 1110111811, 158.

-- 1101101111, 100.

-1Γ811011111 30, 108, 129.

8110110, Ilugo, 80 11118011, 305.

81101101, ballivus 80, 103, 201, 221, 278,Ι

’13 8888 81, 81, 18, 18
808, 312, 325, 328.

8110110, 1101101111, 80 0011101111, 802.

8110111080, Thomu, 34.

8111111101, 1010110180, 145, 243, 259,

8111111111, 80101111, 08.

81111011, Ηο111011, 800.

Skipper, Thomu, 80 wmn, 208.

-- uxor 11101110, 208.

8110111011, 8111111011, M. 238.

1101101111, 27, 81, 1111111111.

-2----41 uxor 11010111, 10, 88, 143,

-- 1101101111111111 11010111, 241.

8112161111, 8111111,81111110,501111101,188,

-- Leo, 95, 192, 291.

-- Lionellm, 19, 81, 98, 128139,
142, 254, 327.

-11811, 110111, 182.

-— 1101101111, 87,104, 131, 134, 157,
194, 240, 293.

—- 110301,23,101,198,827.

— Thomu, 80 8111111101, 10, 02, 03,
73, 145, 146, 161, 102, 168, 248, 248,
249, 259, 276.

-- willielmus, 329.

80 ,1111111180 in 00111-
1111 80 11018111, 213.

8111111111, 8111111111, 8111111111,
80111140111 8111181111111, 2110110110,
55, 1 , 2 1.

willielmus, 34.

8111111101,51001)11, 30, 31, 108, 109.

uxor Georgii, 82.

--· willielmus, 23, 81.

81118111, 8011111101, 148.

8110801110111110, 78.

8. 01111181, 71011111, 245.

8011101101,.1. 133.

8011110110, quidam 110110 80, 213.

8011110111, 1101101111, 5.

---1010110180, 105, 203.

 

