00000 00 000000, 00000000, 000. 359

7001000, 0000142. 775300000010, 00070015ογ.
-- 01030, 45, 142, 240. Widows of 85. 51000, 10, 55, 143, 144,
vessels 01 50000, 256. 241.
·--· 31000, 158, 256. Wildfowl, 000 Poultry.
— wood, 158, 255. Windings‚ 185.
71003007100300, Vinegar, 42, 62, 63,· Window 50000, 73, 161, 258.
110, 151, 325. 77100000, 78, 273.
700010550, 157. 77100, 13, 15, 16, 49, 62, 135, 147, 151,
152, 227, 229, 233, 247, 248, 261,293.
- claret, 34, 16, 49, 63, 135, 151, 152,
W. 227, 228, 229, 230, 236, 248.
·- French, 227, 229.
Wages of servants, 189, 288. -- Malmsey, 13, 16, 62, 325.
Waimtow, wametow, 050110, 67, 155, 252. - 1105, 3, 4, 16,49, 63, 135, 228, 236.
77ιὲ00000, 21, 96, 98, 193, 194, 195, 292, ·- 1101001005, 148.
- 0000019, 66, 154, 252. - 00001ηο 01, 58.
7700000051, 80. - 001100, 94, 192, 290.
77011103, 85, 86, 181, 182, 278. Winnowing, 127.
17010000, 229, 248, 249, 324. 770000, Wodym, 24, 191,198, 239, 297.
77000000, 000 70000. 1700000050, 326.
7700010050, 134, 235. 770000οο, see Iron.
Warkeman, 89, 97, 186, 195, 284, 294. 1700500 0000010, 70.
770050000000150 701οο5, 10. 77001, 69, 132, 138, 208, 229, 231, 246,
77005108, 22, 131, 295. 324, 327.
770100 drawing, 282. — looks of, 122, 222.
77050100, 86, 181, 182, 277, 278. —- tithe, 14, 59.
Wax, 17, 63, 151, 152, 249, 313. Woolen eloth, 000 eloth.
—- red, 17. 7700101000, see Sheep 005 Η1000.
7700001010 1000, m 1000. 77οο10000, 89, 97.
77001300, 280. —-— ottho Pandoxawry, 294.
77011, 17. 1700000000 Poultry.
775001, m 0000.
7750010, 8, 239.
Med-might, 80, 173, 270. Υ·
white 1005500, 000 10001500.
775000, m 00010.

 

