1110011 01 11101110,ο1110001, nro. 351

77,127, 137,166-9, 232, 238, 236, 0001600111, 73, 161, 268.
237, 238, 261-6. 0011011010, 78, 170, 267.
-- 116001, 4, 6, 6, 7, 8, 26, 26, 46, 00061011, 0061011, 70, 327.
60, 62, 76, 76, 77, 78,108, 127, 136, Drawing 01110101, 184, 186.
187,164-0,201,236-8,261-6,800. 010110101016, 264.
-— 11160 0010, partim. -—- 11100011,269.
·-- 111 Βο001006Ρο010 1016011οΙ0001. 000011, 111 110000.
0010001, 297. · Dunlings, 111 Poultry.
— 01011600, 198.
0001160010, 81.
-- 01 110111113ωο, 82, 88, 170. Ε.
000111111101, 23, 24, 198, 199.
00111 01611011 say, 94. 1101101 8001001031, 149.
001111, 10, 66, 143, 241. 0011, 111 11116.
00111, 111 0011100011 Hides. 933⁸, 298, 326. .
0100111, 73. Embroiderer, 1.
0101160111, 227. End 10001, 20, 87, 166, 262.
“ 01011111, 111 Money. 01101006 60110, 74.
0111011, 229. 01101101 111101, 260.
01000011, 18, 65, 163, 261. 01101, 111 86000.
0110600101, 94, 192, 290. 0006001101 01 Bursa, 111 0111101.
0110600111 010161, 69, 264. . —-—- 70110101, 324.
0001, 159, 163, 164. --- 00111101 01, 95, 193, 291,
- 01 11006, 70. 328.
0111110 01 0011103100, 93, 190, 289. 0111101, 111 0111101.
-—-· 01016010, 93, 190, 288. · 11ιο0010101 160 Prior, 245.
--- 1101103100, 201, 300.
-—- Ηο101100, 93,191, 289.
—— Heighington, 131. F.
-- 110110116, 201, 800.
-- Muggleswiek, 93, 190, 289. 11ος3011, 184, 185, 271, 281.
00110111, 111 Poultry. 0011 01 Wakefield, 236.
0111101111, 111 801001. 00101 10011, 68, 100, 197, 198, 199, 209.
0011110101 160 0106001101, 96, 196, 291, Fut, 17, 249.
328. - 01111 11110600 100, 162.
00161001, 43, 45, 229. Foethorbed tyk, 44.
Feltrum, 143.
00101101, 201, 299, 300.
0101106001, 86, 87, 183, 269, 281.
rign, 111 Spicea.
Fillier, 111 Ηο1101.
Fines, 297, 298, 299.
Dalbingrtowers, Dabyngrtourr, 0116103- 11116001111, 68, 327.
11011011, 86, 182, 277. 11110, 62.
00161110, 85, 86, 176, 181, 182, 278. 0110010011101000, 20, 89, 97, 186, 196,
00100111 801001. 260, 261, 286, 294.
00001 01 160 1100011011, 25, 102, 200, W ottho 1111001010,11,89,90,110,
299. , 296.
0001001016,111 01016. 0111011101 and 100, 36, 40, 41, 42, 116,
0101, 1. 121, 122, 147, 214, 219, 220-1-2, 321,
010001, 111 01016. 326, 326.
010100, 1. — 6111101001, 122, 221.
0101000161, 111 86000. - 6011, 221, 222.
01000101 Δ1101110011, 246. -60110, 122.
-- 11016100 before, 156, 167. -- 00011101, 36, 42, 116,122, 214, 222,
011601, 70, 327. 814.
0001, 111 7001100. -00611031,111,126,126,808,309,321.
00801010, 111 0116. —·—-—- 1100110011, 33126, 209.

011101010101. 010101.

00101, 71. -0003011, 220, 221, 222.

 

