INDEX 01³ FLAGES.

6.

cantabrigia, 116.

0555555, 236.

Castro Barnardi, 11155161 65, cantaria 65,
25, 102, 200, 299.

(15511511, 48.

(1551115, (1555151, 5, 13, 14, 15, 16, 58,
59, 60, 62, 63, 72, 147, 148, 151, 158,
105, 207, 212, 238, 239, 245246, 258,

05511155, 313.

(1551155 Parva, 105.

claxton, 326.

0515515115, (1515111115, 83,178, 275, 302,

Coupon, Coupone, Cowpon, 6, 7, 42, 50,
52ἢ62, 77,86,105,115,137,168,183,

coxhow, Oox0w‚ Koxow, 80, 84, 276.

D.

Dalton, 5, 40.

11515155, 1151553155, 27, 28, 43, 72, 190,
202, 289, 301, 303.

Del-went, 33.

Ditchburne, 76.

Dinsdale, 93, 190, 288.

115555155555, 277.

Duddoy, 6.

Dunelmum, possim.

Ε.

Eboracum, 13, 36, 216, 217, 245, 246,
256,314.

Edmundbyerys, 199.

8155655551, 14, 59,149.

Elvet, Elvett, Elwett, 26, 29, 85,100,
103, 147, 173, 175, 176, 178, 180,
201, 256, 258, 277, 278, 306, 328.

-- alta silva de, 267, 271.

—-- aula de, 328.

Elvethauh, 328.

8515165555, 85151655, 1155165555, 33,
55,111, 209, 214, 308.

11531151011(3 35515115 65, 23,101, 198, 201,

8565555553, 306.

11555, 115555, 27, 85, 267, 277.

115555, 5551151565, 180.

1615555551, 42, 95, 191, 193, 290, 291,
324, 328. ·

F.

Fallafelde, tenementum in Elvett, 256.

375

1155555511, 85555555, 5155111115 555515,
74, 163, 260.

8515, 855155, 85515, 1155155, super Mon·
tem, 8, 29, 31, 56, 59, 77, 78, 84, 85,
104,105, 110, 136, 137, 168, 202,
203, 237, 261, 266, 302.

- capella 65, 25, 102, 202, 299.

Feyryfyrth, 148.

Fleshergatt, 25, 102, 200, 209.

8555111555, 59.

8155551551, 855551351531, 179, 180,
205, 305, 306.

Fmgnel, 815555155151551 9555155126,
103, 183, 300.

85555511, 25, 99.

——- Fynkall, 55111515 Prioris (15,
180, 268.

1111155159, 28, 31, 35, 85, 106, 157, 213,
34, 13.

(1.

(1511155, 25, 102, 122, 200, 249.

(1521555165, (15151556551555111565, 162,

(1151555556, (15155556, (15155556, (15155-
11565, 14, 24, 82, 83, 85, 89,101, 175,
198, 210, 275, 278, 297.

(1515551, (15153551, (151535519, (15155511, .
25, 102, 199, 272, 324.

(1515153, 243.

(11555 651, 46.

Η.

5555551155555515, 16, 22, 46, 99,
155, 995, 995.

Η51551511, Η51551511, 14.

Η51155, 7. 28, 50, 75, 106, 136, 148,
163, 164, 204, 236, 261, 262, 303

Hartylpole, Hartylpolle, Hartylpule, 1151·-
1515511, Η51151511115.4, 6, 9, 14, 15, 24,
36, 50, 51, 52, 54, 59, 60, 61, 101,
115119, 150, 1115115119, 195,
297, 321.

11515516, cantaria 155515, 90, 91,126,

Η5151155,93, 190, 289.

11555515, 11515551, 13, 28, 68, 302.

11555515, 1155511155, 7. 14, 15, 27, 34,
46, 59, 60, 61,72,101,107,109,128,
148, 149, 160, 165, 205, 246, 261, 298.

1156155115, 28.

Heghyngton, 78, 131, 204, 244, 245.

-—--- 5115111565, 170, 273, 278.

--— 5515 51, 273, 276.

Η51655,186.

 

