854

Lampus St. 11666, 101, 199, 298.

1666666666, 666 11161.

16666616, 23, 24, 100, 101, 102, 198,

“ 1666, 9, 32, 54, 110,142, 208, 240.

166666, 205, 321.

latha, 72.

1161166116666 Ν6116.

1166666666 61 prior, 99, 143, 241.

Laud, 47, 7 8, 169, 266, 267, 268.

— 66116, 666 116116.

-- ore, 47.

·- 66661666, 78.

-—- 661666, 78.

- 6666616, 86.

Leaps (1661616), 256.

Lessing, 268, 264.

16661661.

—— 16666 hides, 69.

-- 666, 43.

-— tanning, 69.

-- white, 69, 157, 254.

Lewking, 127.

Lim7e’ 88, 84, 178, 179, 268, 272, 274,

Linon, 666 eloth.

Ling, 666 Fish.

Liquorioe, 666 861666.

Livery, 3, 21, 22, 48, 49, 52, 53, 89, 94,
99, 132, 163, 173, 191, 192, 198,194,
196,199, 226, 231, 243, 249, 260,268,
291-23, 295, 298.

1666 6666166, 18.

16616, 11, 82, 158,159.

-— 6661666, 70, 71, 283, 256.

--- 1666166116, 70,158, 256.

-·— 6166116616,158.

11663616 86666661, 82.

M.

Μ666, 666 861666.

1661666 Dieu, 10, 55, 144,153, 241.

Mallards, 666 Poultry.

Malmsey, 666 Wine.

Μ611, 4, 5, 6 15, 50, 51, 52, 61, 68,137,
138, 229, 236, 237, 238.

1661116666, 78, 176, 207.

Μ61166166, 68.

Μ6666 house 61 Houghall, 177. See
Houghall.

-—- 61 11666166, 272. See
Wardley.

Μ66666, 74, 76, 163, 164, 167, 261.

1166161 61666 61 11661666, 82, 84,100,
198, 297, 301.

16661166 616661166, 254.

Masona wageu, 180.

11666, 71.

66666 66 6666666, 66616666, 666.

mmmm .
6666. 00 010 6666, 66, 102, 200, 249.

288 mmm, 02, 100, 66,

1166616166, 666 81666 666 Η1666.
Μ6666666 6666 11661666, 201, 300.
16661, 151.
1166666666, 52.
1166666616 16 1160161166, 116, 117, 216,
21 , 253.
— 16666 Υ661, 217.
1111116243, 246, 258, 270.
Μ111616, 20, 93, 97, 195, 206, 294.
Mill 66666, 80.
Mill 6616, 86, 172, 182,183, 280, 281,
—- 6161661166, 100, 198, 294.
-- 61 Pittington, 183.
16666, 87, 184, 281.
-- 66666, 188.
-- 616666, 73, 147, 161, 258.
-—-· 6161166, 73, 172. 1
61 Billingham, 173.
—- 61 Η6616666, 160, 294, 824.
-- 61 Nomou, 269, 281.
— 6111616166, 325.
-—·- 61 86611661, 161.
W 01 Shiolds, 80, 82, 161, 199,
6186616666, 172.
-- 61 1161616166, 173.
11111, 298.
1616616616, 240.
Μ661 61 the 066116, 297.
166666, (166666, 1, 138, 825.
-—- 1166616, 129, 291.
—- George 661166, 92.
-— 1161166, 69, 325.
116616, 161161, 256.
— tmvelling 61666666, 71, 159, 256.
Mons, 86, 188, 280, 281.
1166163, 666 Hay.
16666166, see 11161.
Μ661666, 58.
11611666, 666 81666.

N.

116116, 74, 257, 258, 267.

- 16666 66116, 72, 160, 257.
- 666, 100.

— 1666666 66116, 189.

- luth 66116, 72, 160, 258, 318.

-1666 66116, 72, 78, 160, 258, 267.
- 66111636, 72, 160, 257.

- 1616, 160.

-- 16616, 257.

11661166, 157, 229, 254.

116666, 156,157, 196, 254, 328.

 

