866

1103616366, 1101101161, 106, 203.
——— 11036161061110611, 19,262,
11011106, Georgius, 230.

—- Hugo, 183.

1101110610616601, 27, 167, 203.

—- 11066161, 131, 138, 206.

-““ Romo l·

——- 1161101661, 60806161111163-
106, 40, 76, 120, 126, 128, 176, 193,
243, 292, 327,

11011, 160611, 326, 326.

1101161106, capellanus 60, vido (116011-
111, 606. 110601161.

—- dom. 16011661, 200.

110110110,1011011, 278.

1101111606, 1101111111 60, 326.

110111606, 6010161666,οδ, 324.

110111106160611, 70, 168, 266.

1101101160011011166160, 26, 103, 201, 300.

—— tenentos 60, 148.

11016116, Prior do, 212.

11611011, willielmus, 117.

606106116110161, 66.

Hfflghomn, 21, 89, 98, 186, 196,

, .
——- uxor Antonii, 164.

-- willielmus, 6, 330.

11066, mag. 10616601, 46.

11016616, 11066616, Howburo, dom.
160611, 23, 133, 188, 189, 206, 296.

11013110, Thomu, 263.

110160, ballivus 60, 144.

-- Ηο611061, 60 1101106, 108, 206.

— Thomu, 133, 142.

11011, John, 138.

1101111061111601661, 60 south 8601101,
32, 34, 283, 312.

1101601106, 110610, 209.

Homer, 1166116111, 46.

110101Ιο1, Ηο110101, Ηο1110, Ηο11101,
1111101, 13, 24, 43, 44, 68,06, 149,
193, 208, 227,229, 232, 324.

— 160611, 62.

-— dom. 10616601, 44.

11010, 1161101660601111110160, 138, 277.

Η1106011106, Η60611011, Η11066106,
1160616106, 1161066606, dom. Henri-
001, 82, 83,176, 271, 274, 280.

-61060661, 20, 98, 167, 196264,
294, 327.

— 110601161, 84,126, 146161, 176,

-.- christophor, 178, 179, 182, 264.

-- Τ60611, 106, 303.

-— 1011011 1606110, 330, 331.

-— uxor christofori, 166, 264.

-- willielmus, 12, 130.

1160611011, Η10611011,11106110110, 1111011,
willielmus, 118, 216, 316, 317.

 

mm or PEBBOM·

Hugothorpo, 1161101661, 134.

116660111060, J 06161101, 243.

11661, 10616601, 238.

1160101, 1100661, 222.

-10616601, 60 1716163106, 27, 46,
196, 203, 288, 304.

-- nli· 1606110, 182, 183.

— 8166111661, 176.

-— Thomu, 79, 80, 128, 163, 172,
173, 269, 270, 280.

— uxor 1606110, 183.

11661101, willielmus, 278.

Hyghiold, 6010601 willielmi, 330.

1111166011, 1106110111, 278, 279.

-—- 10616601, 33, 37, 116, 169, 216.

111111, 1161101661, 139.

1111106, 16011661, 61 1101163106, 106.

-—- 1106011111, 203.

 

1.
16811660, 11631166, 1163111160, 160611,

14, 21, 1111011111. ι
-· 10616601, 183, 266.
-—- 111101 Thomu, 279.
16601,16611,1106011111, 60 6016011116, 83.
16111111 810110, Prior, 32, 191, 214, 231,
240, 309, 313, 314, 320

1.

1111010616110610616601, 60 1111631011,
198, 297, 298.

—- 1110116111, 60 asty-511, 216, 326.

1111011, Yarrow, magister 60, 36, 62,
109, 143,167, 207, 247.

101111106161101, 167.

10106, willielmus, 62.

16060106, 10101111, 68.

106106, 0616601161, 163, 269.

--- 1061111601, 32, 34, 114.

-- relicta 10616611, 241.

—- 1110111661, 60 8111163616, 204.

--- 1106116661, 10, 143.

— 160601, 3, 16, 49, 62, 63, 69.

-610166166016, 166. ,

-- 1161101661, 60 1116161616, 6,
62, 172.

11.

11221252, 11111, Margania, 10, 36, 144,

1100661301100611130, 1101101161, 28, 36,
3313040006, 10, 101111.

