356

101111, 111 Poultry.

Probend 01 1101101, 20, 201.

11010011, 8, 9, 15, 240.

Ρ1101,11111(1,102.

Prior's 0111011101, 74, 78,142, 143, 169,
177, 241, 267.

·---— 11 1101100111, 177, 240.

2-- 000101101, 288.

-311000 9, 13, 40, 54, 141, 142,
205, 240.

-— 11111, 170.

-- 1001101011, m 1000111011.

— low 0110011101, 288.

---11011101 153.

-— table, 157, 254, 27 0.

Ρ10100110110111011101, 300.

Ρ1011601 011110 0111101, 39, 110, 218.

110001, 111 Spicea.

Ρ11000, 0111101, 5, 58, 63, 245, 261.

11111101, 111 Poultry.

Q.

Qumy 0111111, 180, 277.

-—- 8001111, 177, 275, 278, 279.
0010111011, 281.

(11111101, 111 011110.

11.

1101111111, 36, 115, 129, 142, 214, 215, 315.
110111, 107.

11011101, 111 8111001.

1111011, 229.

1101101011, 111 Poultry.

1100111101, 229.

11010010101, 92.

1101001011, 169, 170, 196, 268, 295.
110101, renes, 18,153, 250.

1100001, 111 Wine.

1100101 01 Β111111,70.

nepam, 78. .
1101111, 17, 43, 44, 63, 139,152,231,249.
11000111, 157.

Rice, 1118111001.

Ridding 01011111, 181, 184.
Robffl5300·

11001, 111 70111100.

11101, 1101001301, 11, 11.

-- 11000, 82.

110ρο 1100, 66.

Ropes, 19, 67, 88, 154, 252, 281, 283.
-—- 101 1011111001, 86, 87. 183.
11011101, 71, 86, 159, 188, 257, 281.
Rutgoys, 111 Poultry.

Rye, 111 Gom.

1001111 0111111010011101101, 010.

8.

8101010111,111 eloth.

810111, 68, 253.

8101111, 26,177, 199, 205, 211, 230, 275,
278, 279, 298.

-- 1011, 26.

81110101, 18, 64, 65, 114, 153, 250.

-- 1100118, 65, 250.

- 0101111, 19, 66, 154, 251.

01101111, 110.

8011011 (0100011139.

8011000,111 111111.

8011011, 70, 327.

salt, 9, 44, 62, 69, 70, 141, 158, 230, 232,

- 110010, 83, 176.

- 0101, 164, 246.

-- 111110 01, 158, 255.

110114, 85, 272274, 275, 276.

Sandan, 111 8111001.

8111110, 111 010111.

8000, 45.

80111011, 80.

8001011 work, 172, 173, 270.

Say, 111 eloth.

8001111, 8000111, 133, 159, 185.

8011110 ottho Exchequer, 95, 192, 291.

80011, 0101110ςο 01, 133, 237, 238.

80111, 111 111111.

80011101, 827.

Segisterium, 182.

80001001, 93, 177, 190, 289, 324. Sa
Clerk.

Servanta’wages, 189, 288.

8001001, 142, 143.

801101, 94, 290.

81110111, 229, 231, 296, 327.

81101103οο1110, 256.

8111111, 228.

8000111031, 111 sheep.

Sheep, 9, 29, 30, 31, 72, 108, 109, 126,
160, 206, 207, 226, 257, 305, 306,

-- (1100100011, 206, 207,· 234.

— 01101, 305.

·-dgymmem 31.

...- 11031, 116, 206, 207, 234.

-—- 1101111, 9, 14, 54, 59, 72, 94, 199,
126,141,149,191,206, 207, 240, 246,
257, 305, 306.

-- 1110110-010111103 01, 59.

·-— 1101011101, 70.

----- parchment 01, 255

--—- 0101011101111 Η1101.

-- 01011001, 206, 207.

·-- shearlings, 207, 305.

—- twynters, 205.

 

