1111111 11 mm, 1111111111, mc.

Sheep, 1111111111111Η11111.

—- sheep salve, 157.

-- sheepshearing, 11, 56, 145, 242,

—— sheepskins, 109, 138, 158.

8111111111 of Hebbarn, 206.

Shepherds 11 Muggleswiek‚ 157.

81111111 and spnden, 74. '

81111111 1111111, 102.

siling, 269.

111, 1.

811111,130.

-111111111, 46.

——gilt, 47.

8111111111 Witton, 202.

8111111111111, 111111, 88, 133, 283.

811111, 111143.

slata, 174, 175.

Slaughter house, 30, 107, 202, 301.

-- man, 89,187‚ 285.

8111311, 252, 280. .

8111111 111111, 20, 66, 67, 154, 251.

- 111111, 20, 67, 155, 252.

8111111,11111111,20,98, 195, 233, 294.

811111111181111111, 140, 141, 280.

-1111,329.

811111, see Poultry.

Soap, 44, 62, 63, 69, 152, 157, 227, 230,
248, 249, 254.

8111111111, 45, 130, 131.

pro equo, 8.

8111111111, 8111111111, 8111111111, 132,

8111111, 169, 266, 268.

811113111168, 69, 156.

Spade, sign 11, 1.

Spanish iron, 111 Iron.

span, 85, 180, 270, 277.

8111111, 69, 84.

Spicea, 9, 36, 37, 38, 39, 42, 43, 44, 54,
59, 71,116-19, 122-26, 141, 142143,
147, 159, 190, 199, 215-18, 222·-
232, 241, 245, 257, 298, 315-18, 321

-11111111 9, 39, 43, 44, 54, 119,
122, 124, 125, 126, 142, 218, 222-
32, 240, 318, 322-24.

-1111111111 2, 38, 42, 44, 117,
123-26, 199, 216,217, 222, 223,316,

-- 1111111111, 216, 230, 317.

-11111111111 37, 216, 316, 223-

-— 111111, 2, 9, 37, 42, 43, 44, 54,
116, 123-25, 141, 199, 215, 222223,
224-232, 240, 315.

-- confecta, 1, 2, 38, 118, 206, 217,
223, 232, 317.

-eumnts‚ 1111111 parvi, 111111
nisius, 9, 38, 42—45, 54, 118, 119,

357

122-25‚142‚ 199, 217, 222, 223-
232, 240, 317, 321-24.

——dam 1, 2, 9, 38, 44,54‚117,·
141, 216, 223—32, 240,316, 322-24.

-“,- figs, 9, 39, 43, 44, 54, 126, 142,
199, 217,218, 223-32, 240, 317, 324,

-—- figs from 1111311811, 217.

——- ginger, 37, 42, 43, 44, 117,122-
25, 216, 222, 223, 224, 230, 232, 316,

-—— grains (pepper ungmund), 2, 43,
41111, 111-11,111,117,111,111-
232, 313, 321-24.

—--· liquorioe, 2, 38, 42, 117, 124, 216,
217, 223-32, 316, 321-23.

—— 111111, 9, 37, 42, 43, 44, 54, 116,
123-25, 141, 199, 215, 217, 222,
223, 224-232, 240, 315 321-24,

—-- nutmegs, 216.

7216117 11, 1181181191111
ὲ99, 215, 217, 222-32, 240, 313,315,

-- plato, 1, 217, 228-232, 317.

— pomegranate, 232.

-- prunos, 1, 9, 38, 42, 43, 44, 45,
118, 123-35, 151, 207, 222, 223,
224-232, 248, 249, 317, 321-24.

-- 1111111 (rammi magni, great 1111·
11111) 9, 38, 42, 43, 44,54, 118, 122-
25, 142, 217, 218, 222, 223, 224, 232,
240, 315, 317, 321-24.

ᾟ115Θ1911391131151511 124-26‚

1 s “ 1 1 ·

--1111 1, 11, 11, 4111116, '

122-26, 142, 199, 215, 217, 222, 223,
240, 315, 321-24.

-·—- 11111111, 2, 9, 37, 42, 43, 44, 54,
116, 123-26, 141, 215, 223412, 240,
315, 322-24.

-11311, 38, 42, 43, 44, 45, 117,
118, 122, 123, 124, 216, 222, 223-
232, 316, 317, 321—23.

-— 1111111111, 232.

-111111111, 38, 43-45, 117, 124,
216, 223—32, 316.

Spigots, 70, 163.

— and 11111111, 74.

8111113111 Ν1111.

8111111113, 139.

Splents (amour), 139.

Spoonn, 46, 47, 229.

Spurs, 19, 65.

8111111, 279, see Groom.

-— 11 Abbey, 172. '

——- 3111111, 19, 250, 257, 275, 78.

-- 8111111111, 82.

--— Hostum, 275.

Γ

 

