INDEX or maone.

Keehinge, 1000550, 28, 106, 303.
--5011015, 49.
--Τ5ο5155, 28, 204, 213.
11011, 10555500, 114.
Κο1005, 85105150, 182.
80511511, 50510110, 54.
11050550, 1105505, 5531510560, 102, 299.
11055105, 0551010105, 90.
11150551155105, 8551055, 80505155, 22,

74, 99, 133, 196, 295. “
Imago, Thomas, l72.
11550550, Μ515050, 195.

1110501550, 78.
Willielmuu, 243.

11555551, 1155115551, Prior (10, 24,101,

133, 199, 299.
1155101555, 1155155511, 5011015, 10, 55,
--- 80505150, 331.
11151105, 1155010155, 258, 276, 277.
11505011, 111115155532.

11.

11550550, 10555505, 276.

1151555511, humbert, 1155150111, 10555505,
35, 93, 190, 289.

-—-· frater 8050511, 132.

-- Τ505155, 165.

115510, 80505155, 11011010 055150, 110.

-—- willielmus, 146, 101,179, 180,
243, 244, 259, 275, 276.

hampton, Iohannes, 9.

willielmus, 54, 143.

langley, uxor (10, 307.

1155551055, 5011015, 213.

1155505, 11500005, dom. (10055155, 511105,
288, 311.

-- magister, 49, 63, 135, 147, 218,
248, 287.

-- 5011015, 35.

-- 80505150, 132.

-- Rogerus, 210, 212, 310,311,312.

-- 1505155, 34, 182.

-—- 1111101555,35,51,143, 181, 182,
278, 279.

155, 11550510555505, 128, 129.

—- 80505150, (10 0055050, 42, 115,122,
222, 321.

Lu, 115ιο, 5011015, 10, 55, 143.

- 10555505, (10 80555, 203.

-- 80505155, 11011055, 104,110, 136.

-- willielmus, (1οΜ51115οω505, 29,

11551011, 1155151110, 11510150, 1110515581,
127, 129, 130, 177, 272, 327.

1155530, 1105551155, 5, 16, 63, 135, 151,
152, 228, 248.

367

Μ117111711137’ hm &hm

Letheymo, 1151511510, Prior 110, 93, 288,

1010555510, 80505155, 54.

1113511011, 1153111011, 11511011, 115115510,
1151510510, 5011015, 67, 156, 273, 274,
279, 280,

1111511550, (1111505155, 24.

1100630, 81055655, 329.

1101015515, 80505150, 18.

Thomu, 10, 251.

11051105, dom. 13.

Lowne, Thomas, 159.

1156505111, 81055655, 5.

1155110, 80505150, 130.

1155105, 8105511110, 331.

11.

Μ565505, Ν. 3.

Magnus, 1115515105, 238, 240, 264, 303.

115150, 11555, 115550, 80505155, 295.

-80305,99,194.

11510150, Μ5510510, 1150110510, 1515010150,

-6111111011555 (1011505500, 6, 50,
«136, 25.

Μ51155, dom. willielmus, 0550115555, 132,

-- willielmus, 60 Parva (1551105,

-501015, 131.

— 1110551155, 5.

1155105, J 0555505, 273.

— dom. 8101151155, 137, 331.

Μ55151555, 1105155155, willielmus, 1⁰5,
106, 136, 329.

1155555115011015, 182.

.-...- willielmus, 22.

Mum, Mamm, Mmynssr Mmsser
0515505155, 73, 74, 108, 156, 162,
203, 259, 260, 277.

-—- Georgius, 259.

-- relicta, 96, 145, 146,161,162,
179, 182, 243.

-- Thomas, 6, 12, 13, 17, 73, 83,
84, 89, 96.

--- uxor 1110550, 89.

11551516050, 10555505, 209.

1151505, 115150, 51511105, 1151505, 115·
15050, 15555505, (10 11510011, 23, 28,
31, 35, 75, 85, 100, 106123, 129,
157, 164,166, 193, 204, 211, 262,
263, 297, 304, 313, 324.

1111150005, magister, 110 11511, 4, 13, 16,
35, 49, 63, 143, 208, 213, 306, 313.

11550510555505, 10, 55, 144,

 

