INDEX OF PLACllS.

-------

Α.

Δ6166,Α611166,1111666, 13, 23, 58, 59,
62, 68, 79, 80, 93, 96, 100. 147, 148,
156, 170, 194, 201, 202,244, 245, 247,
289, 292, 300.

- 66116 6666, 201.

- molendinum de, 100, 198, 294, 297,

61666166, 210.

41111166211811166166 11101159,

6116116661161166 186111624, 66, 101,
198, 216, 251, 298, 315.

66666116 66, 266, 267.

6166161666, 66116 66159.

6661116666, 14611666, 1161116666, Hnuk·
1666, 9, 12,13, 59, 74, 147,148, 244,

6666666616, 108.

B.

86111616 lustrale, 00.

8616666661611, 245.

86116661666666,8611666166663, 8611666-
16661166, Β61166616661136,259,260, 282,

866661, 8666611, 33, 111, 126, 209, 308.

86116616, 86111616, 24, 101, 199, 298, 326.

8616661116, 206.

86161666, 8611166111, 86111611, 16, 35,
115, 151, 208. 248.

8666166116866616611686661661886661-
parke, 8666166111, 8661611111, 6, 8, 11,
13, 14, 20, 45,’46, 50, 54, 56, 60, 64,
70, 76, 79, 80, 81, 82, 83. 84, 85, 86,
88, 91, 97, 107,117, 137, 145,173,
174, 175, 177, 178, 180, 181, 182,
185, 194, 205, 223, 234, 236, 240,
242, 243, 261, 271, 272, 277, 283,
284, 293, 304, 305, 326.

1166616611, 661666, 80, 83, 104.

6661616 apud, 125, 226.
onmem 666166166 66, 226.

--— coquina 66, 181.

-—- manerium (16, 84.

---- 66616116 66, 78.

-—·-- 6161161616 66, 270.

86616611-661611, 261.

—— 16 6611666 66, 268.

86161166, 116, 117, 118.

Blllynghum, Byllynglum, 5, 6, 7, 8,12,
26, 50, 51, 52, 57, 60, 76, 86, 103,
137, 146, 167, 172, 173, 183, 194,
3351), 2gill, 237, 238, 244, 264, 265,

, l.

8166666, 63.

8666611, 320.

-- 66 6616611666 61, 326.

866111, 66616116 11166161, 132.

8166161111, 8166616116, 48, 134, 235.
86666666166, 8166666111, 8166666666111,
8166666616, 12, 58, 147, 148, 154.

8166666, Est, 107.

8166661166, 31.

Brome, 26.

81616166, 161.

81666166, 128.

81666, aqua 66, 11.

81666666666, 61666616166616, 298.

1161661626, 80, 103, 201, 214, 300.

—-- molendinum 66, 258.

8666166, 15, 58, 62, 70,85,140,147,
151, 157, 163, 170,171, 172,173,174,
176, 178, 180183, 244, 247.

86661166, 6616 66, 177.

ospello 66, 183.
Byllynghnm, eeclesia 66, 281.
molendinum 66, 173, 257.

86161666166, 4.

8616361111, 50.

866666616601, 16.

866611, 59.

 

