mmlx 01* 111118οΝ8.

11111133, 3133333, 31, 133, 113, 133,
mmmmm

-113313,33,131,133,131,
333, 331, 333.

171133, 1713331311333, 33 Estmeryngton,

-3131131111333 11313 033113, 138.
1711333311, 111331333, 63.

1731333333, Wylkingson, Wylkyngson,
Antonius, 26, 102, 298.

. -- filius Antonii, 199.

---.13113111133,1,4,16,18,36,108,
116, 116, 204, 304.

-- Ν 1311311133 30.

-- 1133313833, 30.

-- 111331333, 26,102.

Egi:- 1131131333,586, 116, 261, 330,

·-—- Simon, 23, 100, 197, 297.

-—- 1113111633, 106.

--- 1711113111133, 6.

1711133,1731133, 0811333131, 829.

— J ohannes, 35.

-- 111331333, forestarius 33 Hanyng,
196, 296, 302.

(13 Meryngton, 22, 29.

-- 1131131333, 106, 168, 203, 206,
265, 266, 326, 326.

ιιι- Roget, 25.

·-—- 1133133333, 33 Μ313333311, 31,

--- Thomas, 33 11313, 106.

-- willielmus, 36.

Wil3amson, 1731333333, 1731133313011,
173133133311,.1311331133, 21, 67, 69, 98,
146, 186, 196, 234, 294.

——- uxor, 231.

873

17333111313133332.
--- 1131131133, 34, 114, 312.
1733313333, J 31133333, 10, 66, 144, 242,
1733313133, 17333631331311333, (13113313,
——— 1113311131, 33 13313106,
206, 266.
willielmus, 104.
worthyngton, dom. 13133333, 210, 211.
1733131, 1133133333, 47. .
Wright, Wryght, 1311331133 29,106.
-- 1133313333, 66, 130.
— 1113311333, 3388313131111, 130.
-- 1131131333, 331,
-- Mag. willielmus, 189, 829.
171311,1711113111133, 33 8133183133113333,
6, 60, 66, 107,124, 128, 136.
-- uxor willielmi, 32.
1731131113173131113, dom. 1711113111133, 26,
92, 99, 102, 188, 296, 299.
11313311, American, 177.
—- Η31111333,266.
-- Jacobus, 139.
·-— J 3113111133, 86, 164, 180, 261, 272.

Y.

133333, 1131131133, 106, 203.

Yong, Yonge, 83331333, 31311333 in-
1111113113, 98, 196, 294.

-- J 3111111333, (13 (1313311313, 324.

-1111333176

Yonger, 0111333131, 318.

—- 1311311333, 68.

=-mmm

 

