11111011 01 1111100, 01010001, nro. 349

31011111, see Swino. 90, 97, 127, 185, 187, 194, 284, 286,
31000, 62, 127, 151, 247. 293.
-- 1011011, 254. ·—-- 3110011101,147,149,150,246,247.
3100111011 001, 261. 001101, 94, 130, 290.
Broastgirth, 18, 153, 250. 0011101100, 70. -
Brothren of Wiiton, 202, 301. catam, caoerers, 21, 40.
310101, 31011011, 21, 89, 98, 186, 195, -- 010111, 40, 41,128, 252.
284, 294. ⁸ ·-—-·- of 1110 prior, 187.
Browinglead, 31011000, 78,169, 267. -- of 1110 1011010011, 98,196, 294.
Β1103001301001001,182. 001110, 2, 5, 327. 130οΚ0000.
3110105111, 1, 18, 64, 65, 66, 154, 251. -50111 205, 292, 327.
3110101, 65. -— 001101, 31, 205, 234,292, 326, 327.
31001101, 64. -- 00111, 27, 28, 29, 72, 203, 204,
3100110030111. 205, 226, 234, 292, 301, 302,303,304,
3001101 boardi, 281. 326.
30011101, 18, 64, 66, 154, 251. -11011013 203.
300111, 100 1701111011. -- 01100, 27, 28, 29, 30, 202, 203,
30130301 in Durhom, 198. 264, 205, 301, 302, 303, 304.
-- -- 31101, 330. --——· for yoke, 205.
Burial 0110011101, 97. —--- yokos for, 164.
3011011 account, 201. -- quhyos, 1111001205, 301, 327.
-- 0110011101,142,182. -— 110011, 16, 27, 28, 29, 125, 263,
—- olerk, 222, 223, 224. 204, 205, 226, 301, 302, 303, 304.
-—- Exohequer, 42, 94, 191, 288, -111111,205,
290, 328. -1101101011, 205.
'off ..mro ὅδ’ 59’ ω’ 14⁷⁴& 0100011001ηέ 11 13 11 101οο 011
· 1 1 1 1 1 1 ·
-— 0100111, 100 Groom. 00110101, 13, 71, 72,132,160,222,223,
-— mother, 228, 234. 224, 257, 321, 326, 327.
-— 100101,158. 0110111301,196,295. 800 1001111011. Prior.
·—- 110510,153,159. —-—— great 01 3001011111, 240.
3011003110. —- of 3110100111, 226.
3011010111,100 Fish. —— 00111001, 274.
301101, 9, 32, 54, 110,111,122,142‚ ” 01 300100111, 182.
208, 209, 240, 298, 307, 308, 325. --·- Prior, 74, 177. See Prior.
3011010100 Groom and 70101. oi Finohalo‚ 268.
Buttery 01 30010011, 181. -- 80001001, 177.
300101 300100111, 274. —-- 1110 Prior 01 3011100111, 9. ·
3001111011, 329. 0110111101, 100 010111.
- 0110000101 Allorton, 266.
0. Heighington, 78.
— Menington, 78, 169.
0111101100 0011101100 31001. 01100οο1101 of Bishop, 135, 245.
00001010011, 63, 152, 249. 0110011101, 22, 23, 24, 25, 26, 126‚133,
00001015, 15, 17, 64, 151, 185,201, 300. «199, 298.
0000101010, 43. 01100111, 01 3000131011, 198.
0000101, white, 26, 103, 152. -—— 5011011, 199, 298.
0010101174. 81. 01110100, 132, 295. See
0011100, 232. 011011. .
0000111,10οΡ00111·0. ——in ohuroh oi St. Nioholoo,
0001, 1. 102, 200, 299.
0010101, 100 eloth. -— 0131011010 0130111010 001110,
0010011101’101011010,80, 81. 209, 299.
-—- work, 79, 86, 170, 171-72, ---Ηο16010,90,91,188,286.
268-69, 270. -·-- 1101011 Novillo, 91, 188,
carpet, 1. 287.
00111030, 258. 3011011 30001, 99, 125,
0011 1101001, 103, 201, 360. 197, 296, 297, 298, 326.
-10001, 19, 66. ---Τ1101001 Noville, 91, 189,
001101, 0011011, 14, 15, 59, 60, 61, 66, 88, 226, 287.

 

