358

810010 01 Prior, 17, 71, 250.
-- 71100100 Νο01110, 182.
mm, 95, 192, 291.

81030 (Dm), 45, 142, 240.

—- (1100000) m Ηο0000 000 niden.
8101150 248.

81001103, 168, 261, 264.

8100000 01110 gnmry, 193.
8600000 0100000010, 92, 99.
surb, 000 came.

811010, m Poultry.

8110000 100001, 19,114,154,251.
-10000 1, 18, 00, 100, 000.
810110, m 110110.

810011, 126, 298.

-- 11011, us 111011.

-— 10010, 000 11030 000 10010.
8100000000, 233.

810000, 275, 278, 279, 280.
—- 100 00110103, 252.

ὦ 0201700103 01, 177, 178.

81000 1000, m Iron.

81000110οι0 0181110100, 73, 161, 258.

81010, 000 cattle 000 8101100010.

8100101030, us (110111.

81000, 6, 63, 77, 78, 138, 168, 169.

81003000, m 111011.

8060010000, 59.

80000100, 92, 189, 288.

8011010100, 230, 288.

80300, m 801000.

80110 01 court, 100, 101, 102, 287, 288,

80100010, m 801000.

800000 01 1001τί031011, 15.

800110, 270.

80000, 000 7001100.

8010001030 011110 01110, 58.

swina, 9, 31, 45, 54, 109,110, 141, 207,
208, 234, 240, 292, 306.

..-- bom-n, 110, 208.

-- 000000, 110.

-- 0001103 0130, 324, 325.

7.

701110, 110000 000, 157.
-- 0101110, 156, 157.
---- 00000, 157.
—- 01 convent, 69.
·—- Prior, 254, 270.
Tables 10 Ρο100’0 11011, 269.
700110, 47.

700110, see 110110.

mnu 00 amn, 00010000, 000.

7011000, 17, 64.

7000103, 000 Η1000.

700000 bill, 151.

7000 11011, 000 m.

700011, m 81011.

70100000, 182, 207, 321, 327.

meh, 85, 180, 182, 181, 277, 278.

711101 01 1100110οι, 28.

7600000010, 000 111011.

7100011103 010000, 127, 183.

760000, 138, 139.

71100, 81, 82, 180, 271, 272.

- 00001030 01, 81, 82.

- (010100) 277.

- 01000, 85.

71011100, 79, 80130, 173.

-2-71- 01011188 07, 811, 81, 173, 174, 270,

7111100, 0011001103, 60149.

7011, 235.

ΤΟΟΜΙΙ, 2730

70010111, 181.

70001100, 17, a, 152, 249.

700101 800011 1110110101, 315.

70010000, 249.

7000010, 1, 69, 156, 157, 229, 254.

7000011100200000000 01000110ὴο 10 1010-
0, .

70000, 171, 172.

- 1011103 01, 231.

Tranio«, 74,163.

700010, 000 81011.

700100, 10, 55, 143, 241.

700601, 000 111011.

70000010, m 801000.

70030, 181, 182, 277.

70213020, 2000000317, 44, 64, 68, 152, 227,

70001000, m 811000.

U.

1101100 0000, 170.
uminum, 177, 273, 274.

V.

90101 0001, 95, 192.

—9- 01 ⁹the 5011000 000 1110 buon, 95,
--·-— wine 001100, 94, 192, 290.
-001100,95,192.

9010102.

700010010319, 65, 66, 154, 251.

velvet, 111001, 229.

17001000, 9, 12, 54, 142, 240.

— 000, 142.

-- 60010,9,142,143.

 

