1111111111 or PERSONS·

91, 92, 100, 102, 200, 242, 288, 296,
01111, 10111100, 264.
(1001111111, (1016111111, lucum, 57,207,
208, 303, 30 .

001101, 00111101, Iohannes, 81, 83, 85,
179, 180, 181, 106, 273, 274, 277.
(11010, 1110101011, 11, 56,144, 242, 313.

-- 1110011100, 28, 106, 203, 313.

-- 1101101111, 144.

Gmuiorth, 0111111111, 1101011111, 34, 114,
209, 213, 308, 312.

(1111111111, (1111111111, Willislmus, 34,
114, 213, 312.

011111, willielmus, 274.

01111111, 1101101111, 214.

⁴ Grok, 01111,Τ101111, 73, 161, 258.

01011111, 0101111101, Ηο1111011, 11, 86,
111, 111, 111, 101, 111, 110.

010111, 110111110011111, decenus 110111-
1011,11,11,101,100,110, 111, 100.

010111, 1111101111,142.

0111, 10101100, dc Pykhell, 70.

011, cuke, Willielmus,de Ηο1111110, 27,
29, 34, 61, 67, 88, 95, 107, 112, 113,
QOQmmm
211, 221, 229, 247, 261, 305, 311,

011101861111111, 317.

—— Willielmui, 37, 38, 118, 217,
317. ⁴

Curle, Willielmus, 34, 114, 209, 312.

cuthbert, dom. 010110, ise, 111, 110.

——Willielmus, 304.

D.

Dekers, (1111110101,148.
1101101, 10101111 de, 130.
110111, 10101 christofori, 330.
110111,1111110, 1111011011, 0111110111111-
1101.
110111, comcs de, 143.
11111111, 10111100, 165.
111110111111101, 10111101,οο (loxos,
29, 74, 83, 84, 85, 86, 87, 178, 179, 184,
185, 274, 275, 276, 282, 283.
-- dom. Robertus, capellanus ds
Η1101101,289.
-- deulphus, 93, 289.
-—- 1110111111,11011110111.305.
-—— Τ101111,72,88,185.
1111011, Georgius, 255.
Devison, styson, Georgius, ballivus (10
· Byllynghsm, 10, 26, 55, 77, 86, 97,
103, 201, 265, 293, 300.

11111, 111111, willielmus, 134,143, 159,

335, 243.
11111101, Agnes, 144, 241.

363

11111101, Ιὲζῖιῐιῃξῖεὶξῧ, 164, 202.
, .

--—- Thomas, 232.

Dswscu, Robertus, 19.

1111, Georgius, 83, 85, 178.

-Ρο100111, 134.

11111101, 11011011, 1.

110111, Edusrdus, 5. .

Densnd, Densude, 1)1111111,110101110,

00111130, 1101111, 11011130, 1111111111,

8, 20, 53, 72, 73, 93, 98, 138, 139, 141,
142, 160, 191, 195, 239, 257, 238,
puer Edusrdi, 233.

Dcncme, solennes, 68.

11011111, puells, 182.

111111, comes ds, 143.

Derlyngt0n‚ oopcllsuus (10, 93, 190.

1110101111, puer J 0111111, 150.

Dicheburue, Johsnnes, 84.

1110101111,0101111111101111110111010-
111110101110101111, 10, 22, 69, 83,
99, 241.

Dixon, Disson, Thomas, 8, 30, 51, 53, 57,

osmi, clemens, 101, 101, 111, 105.

— Henricus, 265.

-10111101, 86, 129, 277, 278.

—· Rcbertus, 327.

— willielmus, 94, 191.

Dodds, Johsn, 1.

1101111111, deulphus, 4.

Duckett, 1111111011, dom. J 0111101, deca·
11ὃ11011111111, 25, 91, 92, 99, 102, 198,

11101011, 11111011, dom. capellanus 001-
10110 101101 1101110, 11 cs pslls 1100110
1101111101, 22, 99, 295, 394.

-- dom. 1111111 p,hus 102, 200.

1)11011,1111110111111,4,308,313.

111110011010111100, 211.

11110111. Episcopus, Prior, 8101111110.

Dunsiorth, 1101011163.

Durhsm, 1111116011.

(1011..10111101,133,197.

-—·- 1011010, 203.

11101011, 01011110, 1011111101, 20, 31,
52, 57, 74, 97, 104,147,162,163,195,
206, 259, 260, 282, 294.

1110101111, 0101011110, (1011111011
mus, 01, 100,125.

11111191611021ἑ,8 1111111011, 0011111111 111, 93,

1 · .

111101,11011.’1“101101, 286, 287.
-1010111, 139.

Ι·

 

