IND11X OF MA'ITER, OFFICERS, 815.

[The 6111151651 5611155 66651 5556816ἱέ ι,6561511163 115565 11515 been mrefflly

A.

Agiutment, 191,192,195, 268, 293.
1115151565, 84, 86, 127,140, 151,
164, 244, 245, 247, 260.

-- cellar, 78, 163.

—- 1155651 of, 194, 292.

— 516155, 46.

- 6515,11.

1111115651, 24, 199, 296, 298.

Alma, 13, 55, 143, 241, 245.

Angel nobles, 325.

Α66155565, see 361555.

Apes, 143.

1466155, 43, 44, 143. ⁴

6566665165656651, 19, 66, 154.

—-— binding 151, 19, 66, 251.
5151516 of, 169.

Annour, 138, 139.

14115115, 139.

Β.

3536156, 21, 90, 187,195, 285, 294.

3511111 51 Billingham, 555 Billingham, In·
dex of Names.

3511111 of 81115165, 555 81115165,Ι665151
Names.

3515115655, 83, 89. 176, 186, 243, 267,
285, see 31151656.

351151, 88, 96, 186,194, 284, 292.

3111156555, 229.

Balaam box, 130.

35665566 5155115, 73.

35611561 51811 Wm. Bulmer's 556, 143.

35111, 46, 234, 331.

351156, 555 (1516.

Bam, 51 Billingham, 172.

-- Cowpen‚ 86.

-— Heighington, 273.

-·- Houghall, 272.

3516, 1351115156, 133.

35156γοί 31151, 330.

3511515, 14, 248.

355515, 95,192, 291.

Βαὲἰὲῗαῧῗὲ, 71,115, 121, 141, 159, 257,

3565166511, 170.

3566651 55611661, 555 31511.

35565, 45, 50, 52, 75, 76, 77, 12728,
ὲέῗ, {g} 143, 164,169,236-37-88,

, .
3551· 566 565 1155651, 143.

35516611, Hau 5179, 80, 81.

--’ pou: 267.

3111 751516, 148.
31556115, 555 Spicea.
31511565 1151151156, 142.
3115, 18, 154, 251.

31566 5516, 555 Gom.
Bleaohing, 196.

35516 65115555 Ν 6115.
355165, 78, 80, 270.
35516 wagan, 183.

35515, 555 Swine.

3551, 58.

—- 1165, 13.

3566115555, 19, 155, 252.
3515516, 35155165, see 0516.
3551151 Sophistry, 245.
3551510, 55, 94, 130,131, 133, 143241.
355555154.

- 6111, 19.

3511155, 293.

3566115 of 11555, 331.
Bowl, measure, 70.
356111665151115, 11, 133.
Bran, 132, 243.
3156615111, 141.

315556 6515, 261.

. 3156156163, 279.

 

