364

Eden, 1611611166, 307, 308.

80161, 8113616,1165611116, 77,148,168,

8111116161, (1611. 0511616161, 188, 189,

affl, annae, 1111116, 66, 1116161,

11111131,1 111111611οζ perenn, 16, as, 111,

-362, dom. 1165611111,66116116116, 70,

836851611628111116116, 11161161, 157, 198.

86161116, 289.

1111161161, Leo, 94, 191, 200.

816165, 86561116, 23, 100, 107, 207.

816161161161166, 158.

Elmsshms Hammo Hemsshffls
Antonius, 10, 18, 53, 64, 65, 66, 71,

811661161116561166, senescallus, 101,
126, 132, 222, 288, 323, 324.

-—- homo in, 302.

1111661, dom. Ricardus, 121.

-16561166, 115.

81161661, Ν 1656111116, 47.

861ἒ1ἑ1111, Anchidiaconus (16, 02, 180,

Esyngton, capellanus (16, 26, 103, 201,

-— quidam homo (16, 220.

6111, 111111, 1111116, 1616111116, 271, 276.

Euers, dom. Williclmus, 14.

Euam, Evcrs, 81116, mag. chricus, 12,
93, 190, 245.

81161161, dom. lohannes, 23, 92, 133,
188, 189, 225, 231, 238, 296.

8.

86161611, Thomas, 03, 190, 289.

8611, 8611686111, 861116, magister (16,
33, 36, 94, 115, 191, 209, 214,290,
308, 309, 314.

86161116, 8611611116, 1165611116, 78, 169,
180, 267.

8611, Thomas, 5.

861161, 1116611116, 278.

86111111, Williclmus, capellanus, 20, 25,
100, 102, 198, 200, 297, 298.

861161, 116561116, (16 Μ111616115, 83.

Fathcrslanhaght, Felherstanhcugh, 86-
156161611611611356, 86156161611561136,
Hem-icus, 13, 136, 229, 230, 327.

Fetherstonhawgh, 8611611116328. .

8611161, 86561116, 167.

Fcyry, tenentes de, 169, 266,

8611111115, Willielmus 116, 324.

8166561,1165611116,93, 190, 288.

86156111, 86115611, Laurentius, 62, 313.

snm 08 88118088.

861661,181111611116 (16 87616161, 105,

8611661, (16111. 1165611116, vicarius 116 Pyl-
tyugton, 234.

8616161, puella 166651, 182, 279.

— 866161, Thomas, 13,sl, 148, 328.

866161, dom. lohannes, 22, 197, 286, 287.

-11611 willielmus, capellanus, 90,
91, 107, 240.

-1666516, 18,66,71,95,104,122,
194, 202, 205, 291, 203, 301, 325,

-1656116, (16 (1611161, 129, 157,
158, 163, 165.

--- 1165611116, 53.

8611116116, 8611116166, 65566 (16, 50, 142.

8616, 1116611116, ds 1161111161, 86, 105.

8161661116 homo, 164.

Francia, quidam 1161116116, 217.

8161116, magister, 9.

81616611161161166, (16 6111161116, 74.

8161111, 81611116, 8111611116, 27, 29, 30,
104, 105, 108, 203.

81611116, Thomas, 7, 50.

81611611, 81611656, Thomas, 72,73, 160,

8111116116, 1165611116, 156.

8161161161, (111161116, 137.

81111161,8111116111, 1116611166, 158, 101.

81165611, 81111611, 81115611, Prior ds,
ll, 24, 35, 45, 47, 53, 101, 114, 198,
213, 298, 330.

G.
(16111616, magister, 111116 (1611111115, (1661-

glus.

(161116,(1611166, Galys, 1165611116, 73, 75,
170, 171, 267, 268, 269, 270, 327.

(1611161, 8611111516257, 269.

(16116161, 1116611116, 325.

(1111161161, dom. Robertus, capellanus,
(16 Hcryngton, 289.

(161116, filius Radnlphi, 170, 171.

-—- filius 11656111, 70, 268, 269.

-- J ohannes, 172.

(1111111651, filius Radnlphi, 235.

(1161111651, Ν16561616, 51.

——n Radnlphus, 75, 76, 165, 166,
167, 168, 207, 245, 263, 306.

--- Willielmus, 31, 51, 74, 80,
97,110, 162, 163, 177, 180, 186194,
259, 260, 282, 284, 293, 306.

(161161, (1611611, 1666516, 81, 82, 85,
115, 177, 179,180, 267, 272, 273,

01611611, Willielmus, 48.

Gaynslayns, Gayslen, (1161161611, (1111-
6161, Simon, 131, 144, 197, 238, 240,
241, 287, 322, 323, 325.

 

