11111111 or 11111111, 0111111111, mc.

Nayrvell, 158.

11111111, 111 Money.

1111111111, 1, 13, 131, 244, 245.
— 111111 of, 69.

Nune, 9.

1111111131, 111 Spicea.

0.

0111, 269.

0111111111, 328.

ΟιὲιὶιωΙ, 9, 17, 54, 62, 64, 142, 152, 240,

-1113111111111, 71.

01111, 111 Corn.

011, 32, 43, 44, 62, 63, 110, 151, 208,
230, 231, 248, 249, 306, 307.

01111116111111, 22, 99, 196, 295.

0111111611 81661113111, 198.

——- 1111111111111.

0161116011, 13, 233, 244, 245.

Οιιῖιόορηίε, 100, 101, 102, 297, 298,

0111111011, 354.

Oxen, 111 011111 1116 111611.

01111, 1111111113 111, 164.

0111111, 111 81111.

Ἰ1).

Ρ1111-1111111, 235.

3111-1166111, 153.

Ρ11111111116, 17, 56, 64, 152, 249.

Ρ111111113 in 11113111111111111111, 78.

Ρ111111, 96, 193, 292.

pandantur, 89, 186, 194, 284, 293.

Pmdontory, 81,163, 174, 243, 256, 271,
294. 811 Clark.

Panells, (? Panniem), 18, 250.

Panion, 153, 221.

ΡΒΜΓ] Et Bflfll'pflfk, 78·

Paper, 70, 158, 255.

Ρ1131111113, Ρ1131113113, 82, 83, 176, 273.

Ρ111111111111, 70, 158, 255.

Ρ11111111, 111Ρο111117.

Pom, 44. ·

-111161111, 39, 119, 318.

Pente, 45, 50, 52, 75, 76, 77,99, 127,
128,129, 136, 137,164, 169, 236, 237,
238, 261, 266.

1.-..11131313333

Popper, 111 spineo.

Peter-penee, 102, 200.

Ρ111111, 78.

Phyuio book, 1.

Ρ11111, 88,178, 185, 280, 283.

-1111111111111311 88.

355

1131, 111 811111.
Pigeon, 111 Poultry.
Pikes 1116 Ρ11111111,111 111111.

’ Ρ111611, 329.

Pium, Pyntraoes, 19, 66,154, 252.
Pipes, Pipis‚ 71, 159, 256.
Ρ11, 1111111113 11, 88.
Pige& 1265544, 59, 69, 157, 228, 229, 248,
Ρ11111, 111 111111.
Ρ111111131, 52.
Ρ1111111, 270.
1111111111
Platea, Phyma, 19, 70.
Plato 1111111111, 139, 140,141.
Ρ1111111,327.
Playem, 143.
-- ofEarl 11111111, 148.
Plough driving, 164, 260.
Ρ11113111113, 164, 264.
Ρ111111, 111 Poultry.
Plumber‚ 22, 99, 196, 295.
house, 276.
Ρ111111113, 278.
1111111, 176.
Ρ111111, 192.
Ρ11111, 44.
Ρο1111311111111, 111 Spicea.
Ροω1311111111111111, 1.
1011111111 111111.
Ρ11111, 95, 192, 291.
Poffiage, 49, 51, 52, 53, 137, 138, 151,
11111111111111111111, 16, 62, 248.
Portmoths, 18, 65, 153, 250.
Poultry, 12, 15, 46, 211, 215, 247.
-23-3-2ἓῖροέἕὶ ἐξὲξ 123129, 130,
'355 11111111, 111, 111, 111, 111,
-- 1111111111 pasto, 325.
-- 11111111, 46, 129, 325.
-- 1331111143. “
-- 6111111131,129,327.
-,-- 31111324, 325. ,.
-- 1111111111, 325.
-- 3131111129, 233, 234, 324-20.
— plovera, 129, 825.
—— powts, 129, 233, 234, 326.
-- 1111111111, 54, 215.
-— 1161111111, 129, 325.
-- ru ys (1111111111), 327 .
-- 1111311234, 825.
-- 1111111, 128, 129, 326.
-υ swam, 36, 116, 143, 214, 315.
-- 1111111111.
—— whimpernels, 46.
- wypes, 129, 825.
Pomm-home, 176.

212

 

