352

111111, 60361010, 9, 14, 16, 32, 33, 64, 68,
63, 111,129, 142, 147, 163, 209, 240,
246, 247, 308, 309, 321.

Ι-0011, 2, 36, 36, 43, 44, 116, 161,
213, 214, 221, 228, 230, 232, 313, 314.

— 31110, 111, 112, 210, 310, 311.

- 1106600111, 309, 321.

-110111031, 60, 148, 186, 187, 227,
229, 248, 249, 261, 312, 313.

106, 9, 26, 27, 36, 44, 64,
62, 63, 88, 89, 90,114‚ 141, 161, 202,
218, 240, 284-6, 301.

- white, 14, 16, 34, 36, 44, 62, 63,
114, 151, 213.

-110013000 (1 01013000), 221.

-11011030 111, 122, 220, 221, 222.

-100101030,36, 116, 214.

·- ling, 122, 220, 221, 222.

- 10000100, 36, 42, 116, 214, 314.

- 0011010, 54.

— 011101, 2, 36, 116, 143, 214, 314.

— 0101101011, 2, 36, 116, 214, 314.

-010100,122.

— 001001000, 13, 36, 36, 71, 116,
169,160, 214, 240, 267, 314, 326.

—- salmon, 12, 16, 45, 147,162, 163,
248, 249, 267, 309, 310-313, 326.

110011, 33, 34, 111-13, 210

--- 00119, 36, 64, 114, 142,
213, 240, 321.

- 00111100 110010, 33, 34.

—- 10010, 214, 229, 240, 309, 314.

- 0001 001100, 115. 214, 309, 314.

— 0100116111, 36, 62, 114,116, 218,
247, 313.

—- 01013000, 43.

- 1011011, 36, 116, 214, 314.

- 70006011, 222.

-·- 0101000010, 221.

—- tronto, 33, 34, 310, 311.

·- turbot, 35, 115, 121, 214, 221,

— powderod, 321.

— salting 0116 6101113 01, 209.

-- 1101100, 209.

Pinhor, 90, 187, 286.

31011 1101100, 267.

Fishing, 12, 46.

Flagging,182.

1110330, 11030, 61, 85, 129, 130, 176 180,

11101, 138, 139, 324.

0100000132.

11100110, 110110, 18, 66, 163.

1106601 1101100, 214.

1010110000, 155.

00100101, 22.

00313001, 01 Ayoliffe, 96, 194, 201, 292,

11111011 OF 1111100,ο10101100,1110.

11010110001300100111, 88, 97, 186, 284,
2--9-3' naming, 00, 100, 101.
—--- 1103310001011,88, 99,186, 196,
²⁸—4’ ²⁹⁵1onton puk, 00, 001.
11011603, 168.

11100 10010, 200.

3101301030, 16, 151.

Fronoh money, 129.

Fuol, 81, 87, 88, 107, 174, 184, 271,
-Ξδὲ 00111030 01, 81.

Fulling mill, 79.

Fur, 1010, 3, 9, 49,135, 236.

01111100, 100 010111.

0.

0011100, 86.

00111, 2.

Gomon, 100 Ρ1101’1 001001.

001600 10 3061013010, 100.

00160001, 100 0106016000.

0111010010, 136, 236.

0001 110011 and 1010 (0110001), 139.

00000, 000 Poultry.

Gentlemon's 0110011101, 274.

000130 nobles, 000 Monoy.

German 100011, 139.

0100006 01000010, 64, 141, 142, 239.

01100, 000 Fish.

0111001011, 000 811000.

010301, 100 801000.

0111110, 164.

0111110060, 19, 66, 164, 251.

01001010 work, 170.

01000, 78, 170, 267, 268.

- Brymmys, 170.

-- 1001011 01, 70.

- 0106000, 78.

0001111100, 138.

010101, 000 301011. ·

01000101, 92, 132, 133, 169, 266, 288.

0100010, 236, see Koeper.

010001, 183.

01001 0110011101, 78, 229.

01000 00000, 100 Ρο000.

0100100001, 000 00110001.

010010 00011, 97, 196, 293.

— 011110 301101, 96, 193, 292.

-—— 11011010, 20, 98, 195, 294.

——·— 11011, 97, 194, 293.

-- 11000100, 328.
10111328.

01001111, 2, 199, 298.

-- 011110 0110101101, 0.

0000111011, 92, 296, 298.

01101, 2.

00110101 1006, 78.

 

