111111 51 1111111, 511151111111.

ΗΙ .
11111151, see 111.

Η111515111, 111 eloth.

Hair, sewing, 253.

Η111,.111 (115511.

Η11151 Β511ρ1111, 83, 84, 85, 86, 194.

-— 811515111, 177.

Η111151551115, 15, 62, 151, 245, 247.

Η111515111111, 19, 67, 155, 182.

-- 11111111, 67.

1111151120, 67,155, 252.

Η11111111, 45. ·

Η1113151111,111 1151111111 Keys.

Harden‚ 1111115111.

Η111111, 1. f

11111511 111111, 111 Ν1111.

Η11ν51151551151, 76, 167, 264.

Η11511515, 163, 260, 263.

11511, 228, 234, 296.

Η1151111111, 26, 103, 201, 300.

Hay, 11, 12, 74, 193.

-- 11111, 274.

-ψ- 11 Η511311111, 83.

—- 1111111351, 146.

-— 1111113551, 57,145,146,183,243,244.

-151111, 145.

-.— mowing 51, 11, 12, 56, 57, 145, 146,
183, 242, 244. ·

—- 1115 51, 57, 146, 244.

—- 1115111, 57, 243, 244.

— winning, 56, 57, 131, 138, 145,
183, 243, 260.

Η1γ1511511, 229.

Η515115111, 18, 153, 250.

1155351, 281. .

Hedging, 86, 87.

Herrings, 111 81111.

Η1551, 74, 191 205, 255, 304, 305, 315,
327. 811 15111151.

—— 11111155, 29.

-151, 107.

-— 115115, 69, 158.

-— mayskins‚ 207.

-— 111111, 107.

—— hogs, 325.

— 11111115, 325.

— 51511 and eows, 107, 131.

—— 1111111351, 69, 158, 255.

-— woolskins, 207.

——· 51 dead 11111111, 205, 207.

Η531111811555111 Hides.

Η5151,9, 11, 32, 44, 54, 62, 63, 110,
125, 142, 151, 208, 227, 229, 230, 231,
240, 249, 307, 325.

Η55111, 191. .

Η5111 bread, 81.

-5511111, 18, 20, 65, 67, 153, 250.

- 31111, 94, 95, 286, 292.

-- 11511, 13, 148, 245.

353 .

Η5115115115111, 71, 159, 257.
-1155113, 8,53, 141, 239, 246.
Η51551, 4, 49,130, 236, 291, 327.
—-- filly, 327.

-μ stage, 71.

--11119, 148. 855 Η1555.
Η515155, 1111111511.

Η51111111, 201, 236, 300, 328, 330.

Ι.

1111111111, 21, 169, 170,Ι 227, 267.

——-— 5111111151, 290.

—-— chapel, 267.

-- 515111 51, 111 (115111.

--—- master 51, 92, 190, 217, 288.

Iron, 54, 139, 140, 141, 147, 163, 233,
238, 239, 281.

—-· 515151, 140,141.

-- 85111111, 8, 53,140, 141, 239.

- storo, 58,140.

- 51 Weardale, 8, 53, 141, 239.

— 1151111153, 140.

J.

115111 (amour), 139.
J 51511, 270.

K.

Κ5111151 1115111, 96.

--- 51 1115511115, 97, 194, 293.
-- 3111511, 96, 292.

-- 11511, 328.

—- parvae domus, 95, 193, 291.
-—- 51 Westow, 99.

Keolings, 111 111111.
Κ111111,111015111.

Keys, 11, 158.

-- and 155111, 70, 71, 256.

Κ155, 54, ’

Κί11151, 9, 11, 91, 133, 226, 243, 288.
Κ1111111, 205, 211, 213.
----55111115115111, 304, 305.
·-—· 11 3511151111, 181, 182.
-155 17, 59, 84, 249.
ῃ 515111 51. 111 015111.
Knives eleaning, 70,158,255.
Kypstrings, 20, 155, 252.

1.

Lambs and Lambskins, 111 811555 and
Hides.
2 1

 

